amoand.w: 0 (0)
rem: 0 (0)
amoor.w: 0 (0)
div: 1 (0.0000000070210818936745334)
ebreak: 1 (0.0000000070210818936745334)
wfi: 1 (0.0000000070210818936745334)
remw: 4 (0.000000028084327574698134)
sra: 5 (0.00000003510540946837267)
slti: 5 (0.00000003510540946837267)
csrrwi: 10 (0.00000007021081893674534)
divw: 13 (0.00000009127406461776893)
amoswap.w: 22 (0.00000015446380166083972)
mulhu: 28 (0.00000019659029302288693)
mret: 37 (0.00000025978003006595773)
ecall: 140 (0.0000009829514651144348)
remuw: 297 (0.0000020852613224213365)
divuw: 319 (0.000002239725124082176)
sret: 344 (0.0000024152521714240393)
remu: 396 (0.0000027803484298951153)
fence.i: 439 (0.00000308225495132312)
slt: 484 (0.000003398203636538474)
divu: 491 (0.0000034473512097941956)
sc.w: 607 (0.0000042617967094604414)
lr.w: 608 (0.000004268817791354116)
sraw: 1695 (0.000011900733809778334)
amoswap.d: 1738 (0.000012202640331206339)
csrrw: 1951 (0.000013698130774559015)
mulw: 1991 (0.000013978974050305995)
sfence.vma: 2196 (0.000015418295838509276)
csrrsi: 4706 (0.00003304121139163235)
lh: 5459 (0.00003832808605756928)
amoand.d: 6730 (0.00004725188114442961)
amoor.d: 10265 (0.00007207140563856909)
csrrc: 10575 (0.0000742479410256082)
amoadd.d: 19578 (0.00013745874131436002)
srlw: 20205 (0.00014186095966169394)
srai: 23045 (0.0001618008322397296)
lr.d: 32261 (0.0002265071229718341)
sc.d: 32555 (0.00022857132104857442)
amoadd.w: 38769 (0.000272200323935868)
xor: 39954 (0.0002805203059798723)
sltiu: 53178 (0.0003733670929418243)
sraiw: 59551 (0.00041811244785021215)
sltu: 63952 (0.00044901222926427373)
lwu: 77592 (0.0005447797862939943)
ori: 98574 (0.0006920961265870734)
bge: 125685 (0.0008824446778064837)
csrrci: 191064 (0.0013414759909330311)
srliw: 349392 (0.0024531098449947324)
xori: 379626 (0.0026653852349680885)
blt: 424141 (0.00297792869546501)
auipc: 479764 (0.0033684623336368686)
addw: 641261 (0.004502345996219625)
sh: 766728 (0.005383260078173287)
lui: 862941 (0.006058779430409395)
fence: 1005664 (0.007060849301520305)
sub: 1069879 (0.007511708075322616)
sw: 1131996 (0.007947836619311997)
lb: 1156049 (0.00811671470210055)
mul: 1166944 (0.008193209389332134)
csrrs: 1221162 (0.008573878407443381)
sll: 1266058 (0.008889096900141792)
slliw: 1389977 (0.009759142347324046)
sllw: 1427315 (0.010021295503070066)
lhu: 1433565 (0.010065177264905531)
lw: 1529460 (0.010738463913099452)
srl: 1658132 (0.011641880562522341)
srli: 1706376 (0.011980605637400775)
subw: 2149175 (0.015089533678837965)
sb: 2248190 (0.01578472610254015)
or: 2341747 (0.016441597461266656)
jal: 2392211 (0.01679590933794905)
and: 2514500 (0.017654510421644613)
bgeu: 2696245 (0.01893055695041049)
slli: 3039002 (0.021337081917040694)
jalr: 4042786 (0.028384731584600892)
bltu: 4509242 (0.03165975736039674)
bne: 4839738 (0.0339801968419286)
beq: 4843739 (0.03400828819058519)
add: 5406273 (0.0379578854725615)
andi: 5854010 (0.041101483616389656)
addiw: 6344800 (0.04454736039898618)
lbu: 9138697 (0.06416354003847778)
ld: 12313667 (0.08645526441843761)
sd: 18769774 (0.13178412037976303)
addi: 26990445 (0.18950212469171834)